l 223 -21 73 -59 -78 -11 22 -24 -54 66 8 
l 119 -13 -65 29 -36 32 77 73 -19 -77 79 
l 373 31 55 -4 19 -54 4 42 -24 -20 -77 
l 225 -53 -34 59 -64 -5 -10 62 10 -66 -18 
l 415 64 20 2 58 -33 -24 33 -63 4 44 
l 81 -69 71 -68 19 44 -28 -37 -52 53 74 
l 118 37 -52 -23 -20 47 8 20 -2 -16 -56 
l 307 64 -45 77 61 -40 65 66 -50 -69 -78 
l 323 11 4 34 40 38 -69 32 -28 38 -20 
l 10 -23 79 7 -8 -73 59 -36 74 -46 -10 
l 86 -44 -5 -11 -41 8 69 40 41 -64 30 
l 82 -4 -78 40 43 53 -17 35 23 10 -11 
l 133 37 -65 -50 -50 -32 -37 -53 28 17 -71 
l 290 -9 22 -36 54 -21 -53 18 -63 -78 -72 
l 419 -2 -8 -28 -10 26 -46 40 -50 32 -66 
l 200 45 -3 6 37 -4 -59 -45 7 58 42 
l 162 9 27 -52 68 60 40 -79 -74 27 36 
l 344 9 6 76 63 -8 -50 59 44 -49 45 
l 149 -31 -76 31 -62 -25 -48 -2 -68 -6 -67 
l 294 -22 26 73 79 65 -53 -31 -27 -59 -74 
l 433 -32 56 38 54 25 76 18 10 64 -33 
l 316 -4 -48 27 52 -69 -63 12 -46 23 -38 
l 157 -72 19 66 60 41 3 56 33 -2 -66 
l 64 40 -59 -38 63 -58 -55 32 -58 26 -47 
l 365 -58 -2 12 -51 -73 57 -19 59 74 -32 
l 7 72 70 -66 14 1 45 6 -52 36 41 
l 293 -8 -77 24 39 -67 60 70 -32 22 38 
l 491 -5 32 26 -48 -64 -31 -14 -21 75 -76 
l 33 -23 18 -74 -59 -24 2 52 -18 70 -13 
l 237 9 -65 2 29 -16 -4 22 -59 -39 -44 
l 321 67 70 -63 14 -21 78 18 54 -72 -78 
l 331 -17 43 57 -19 -53 65 -53 6 7 -79 
l 272 35 47 -18 -11 58 16 55 -57 67 35 
l 108 62 14 28 14 -67 67 -46 -45 -57 75 
l 366 -14 20 -35 5 -68 55 -46 -11 -75 30 
l 466 -12 -12 25 7 -42 78 71 41 -74 22 
l 73 -65 39 9 60 50 -25 54 -69 -60 -27 
l 389 -63 42 -36 16 77 -2 75 -67 -2 1 
l 159 54 -18 -44 66 6 -1 -76 10 77 77 
l 40 25 -42 47 -29 -59 -67 -68 -45 -65 12 
l 393 34 -61 52 -62 35 -46 -9 -44 -17 -55 
l 326 -5 -55 -75 21 -15 -22 78 -32 -59 60 
l 381 -52 -11 52 8 35 16 28 7 9 58 
l 259 22 20 64 -51 -2 63 -49 23 13 -74 
l 262 -39 -1 1 70 -61 -59 -69 -72 -57 20 
l 252 74 -25 9 -6 -36 31 19 40 27 -39 
l 227 10 -19 -38 -12 -13 10 37 39 -59 50 
l 79 -10 -37 16 42 -55 -36 24 -21 -56 45 
l 99 -73 -1 -51 -28 6 77 77 18 -53 27 
l 102 51 -78 15 71 69 63 32 26 53 79 
l 58 -27 44 41 -69 24 -35 -14 -52 -42 75 
l 343 -45 28 -53 -3 -56 26 51 77 -57 -26 
l 54 -71 76 79 72 -53 -8 -41 33 -19 13 
l 337 2 12 54 32 2 -27 -62 35 -15 -50 
l 423 9 15 60 -30 53 -23 70 63 -50 -79 
l 400 -37 17 23 -3 19 0 -9 45 23 52 
l 29 -27 -15 -77 15 63 -55 35 53 30 -31 
l 224 34 75 78 8 -6 -36 67 -34 22 25 
l 128 -21 -30 -15 -5 -46 -80 33 27 -47 11 
l 50 53 64 63 24 -12 75 37 -20 24 3 
l 422 68 -10 -51 -6 33 -23 -64 56 -74 -70 
l 410 -16 -38 -12 57 -72 69 -41 16 20 -14 
l 404 -31 -32 -28 36 0 7 33 28 -80 -2 
l 12 30 -40 24 -40 51 28 27 -32 -4 -52 
l 471 57 77 -66 -36 19 36 -62 38 -12 -69 
l 460 -65 -53 -52 4 -77 13 -34 24 -13 -22 
l 122 -17 -74 9 48 76 45 -10 41 24 14 
l 168 44 62 -62 -63 65 -32 16 -75 -27 58 
l 131 30 32 69 -58 -1 25 -56 78 59 10 
l 19 -7 -13 -28 2 -33 0 46 51 -30 -67 
l 440 -3 -46 6 -37 71 -23 -38 -66 3 -25 
l 57 -43 -78 -73 12 -70 6 -78 31 -16 -39 
l 143 -24 -23 -3 55 -26 -25 -67 -16 -26 -47 
l 380 29 66 -41 78 7 72 66 63 3 -61 
l 6 -28 16 25 -26 44 -42 45 -65 20 41 
l 61 -56 -18 44 20 -66 34 -7 56 78 8 
l 271 18 73 -55 -47 46 -38 64 -77 -26 10 
l 217 6 -29 -22 1 -60 42 66 10 49 31 
l 66 20 -10 -25 -36 78 23 -77 -71 56 79 
l 254 51 -40 -55 -64 77 -54 -70 37 -43 -3 
l 371 -20 -55 -59 38 -60 -18 35 -72 75 45 
l 462 -46 39 63 -36 -48 -40 -15 50 36 -5 
l 18 35 14 -17 -33 -26 27 53 78 72 27 
l 68 -26 -20 47 50 -11 27 71 -42 -39 -57 
l 84 38 -26 70 9 -51 3 -14 11 -37 -54 
l 94 -51 12 -63 -32 -65 24 74 -4 40 51 
l 334 -34 41 47 22 -43 13 -48 34 12 -56 
l 375 -42 -7 -24 -4 5 -3 49 43 -52 53 
l 219 -70 1 -27 8 -72 -24 -54 38 70 -27 
l 145 77 -19 -75 27 -78 43 -71 -41 79 28 
l 392 48 -74 -28 39 -79 3 -34 28 -54 -63 
l 170 -44 -37 36 3 -60 62 -1 -28 -32 28 
l 112 -13 70 -47 -3 12 7 15 -60 79 -49 
l 280 56 -76 -1 -47 -77 -21 52 26 -12 46 
l 209 7 1 -45 8 76 -73 18 -11 75 -75 
l 90 24 -64 53 -8 -3 -63 -52 33 67 -43 
l 355 76 21 -19 -4 -37 -58 34 38 -66 28 
l 302 -73 26 18 58 46 -72 -59 -52 -27 38 
l 92 46 -27 -32 11 -63 -75 -42 38 5 75 
l 87 -39 -15 -78 34 18 58 27 23 -27 -34 
l 306 70 -22 -39 -20 -1 -24 -80 68 -72 -30 
l 383 -9 29 1 75 58 24 33 -12 66 -65 
l 352 54 55 41 -80 -71 65 -75 55 -2 -19 
l 69 -75 -69 -78 43 -67 56 66 71 -71 17 
l 169 -17 -14 10 1 -4 -43 21 55 14 24 
l 80 41 -6 36 79 38 39 -10 67 -42 -57 
l 470 -50 27 -25 23 -42 39 26 -20 -3 32 
l 70 -55 -54 63 -42 70 -35 19 -77 -23 -41 
l 319 54 5 5 40 12 58 -74 56 43 -61 
l 490 -19 -28 -68 -44 -69 74 -59 7 -64 18 
l 232 33 -26 54 45 -78 76 -35 -62 -18 -36 
l 288 -58 40 73 -64 37 23 42 -19 44 -33 
l 144 66 -51 33 -55 -25 -64 39 28 53 -14 
l 398 -65 -58 1 -53 -3 49 70 75 61 -48 
l 89 -29 60 -57 65 30 58 -9 35 45 40 
l 44 49 43 -21 -74 -68 55 65 -38 39 8 
l 105 40 -33 -80 -60 -69 73 37 -54 -6 37 
l 464 14 43 -63 53 -76 5 -10 16 22 -44 
l 382 43 -51 -80 -16 66 -80 -9 46 -54 -43 
l 482 -68 -37 -33 -26 31 60 44 56 -1 40 
l 449 71 -25 44 22 72 -58 18 5 25 -66 
l 51 2 53 74 -22 67 46 9 30 -71 76 
l 48 20 63 -78 42 8 42 73 30 -51 52 
l 127 45 -42 -62 46 -45 45 68 77 -62 -19 
l 489 -59 62 70 28 -6 3 -10 -79 65 38 
l 25 -72 -73 72 -57 -31 47 -37 -5 55 39 
l 301 74 -54 77 -56 -54 0 43 25 -16 31 
l 173 -42 11 -43 -46 -41 28 75 21 31 -52 
l 348 -16 58 -65 -11 -75 34 -37 67 50 -18 
l 59 57 62 -6 -30 1 -6 -49 -29 68 44 
l 43 48 67 46 53 34 14 34 39 72 44 
l 312 2 -44 53 44 -14 -10 -64 1 48 68 
l 78 -47 62 11 14 -1 -40 -10 49 -42 51 
l 454 21 -39 22 22 39 0 -58 -29 75 -1 
l 405 -3 -42 -28 2 38 15 -40 60 16 -9 
l 15 40 -17 -42 5 32 71 -39 -64 -34 -74 
l 320 -7 48 65 -69 -33 67 -41 -78 71 45 
l 83 67 42 -47 -59 66 75 47 -21 38 19 
l 85 -39 -15 -66 5 30 -21 64 -47 -10 -51 
l 485 53 49 31 67 -46 -15 5 -5 -80 -51 
l 435 9 -36 70 68 -37 -53 1 -39 23 -60 
l 409 72 -29 53 -27 7 68 -40 -55 36 65 
l 193 -22 64 24 -68 -78 52 44 -55 -2 -63 
l 434 41 -59 41 -6 -7 31 -30 48 76 -31 
l 402 -1 -76 -20 76 20 75 -71 33 7 16 
l 318 -27 39 -9 32 25 14 0 -66 68 -19 
l 315 16 78 -31 47 -77 -74 -27 -75 13 54 
l 125 25 -22 -21 6 -14 4 -18 6 21 52 
l 238 73 -15 -50 -31 57 -79 -32 -55 -6 74 
l 463 25 -74 -58 -2 -78 -4 73 61 -40 -43 
l 495 25 -67 -55 1 -79 -62 -35 31 23 -38 
l 182 -18 -44 25 31 67 13 -60 -18 -48 9 
l 181 17 15 -16 62 -60 60 51 -12 -57 -33 
l 474 25 -8 -78 -34 -44 -15 27 -64 15 -25 
l 234 -45 14 67 -74 46 -80 0 -76 -36 77 
l 197 -21 48 67 4 -49 54 -66 -49 -61 -29 
l 186 51 19 19 77 -51 -52 -16 -48 1 -6 
l 478 -7 -57 17 -15 40 -13 -7 -38 -76 45 
l 53 2 -27 41 -13 -74 43 -69 -78 -42 69 
l 417 -41 24 16 -40 34 -67 -9 -55 21 -36 
l 17 -34 -47 18 -53 -39 -58 58 77 34 -63 
l 469 -51 25 -27 47 62 8 -14 -49 -66 -3 
l 277 24 10 -38 39 -31 36 4 72 42 -41 
l 114 -41 -73 57 55 -16 -2 -28 -74 -53 59 
l 424 15 -70 -68 -58 7 16 47 -34 53 11 
l 156 -50 21 34 25 30 -24 -21 -17 38 -67 
l 243 -67 24 -6 6 -37 54 -57 26 50 -54 
l 461 43 49 12 -31 -25 -5 -53 41 -62 8 
l 178 -52 52 -35 24 54 74 1 73 2 39 
l 441 47 -47 36 -18 -60 74 -59 10 -19 -10 
l 34 -34 59 -16 -13 73 -33 -36 25 31 71 
l 396 1 -2 50 36 38 4 -80 -30 -4 18 
l 428 31 -20 -24 0 40 -42 79 -63 16 75 
l 391 58 68 69 32 -69 -11 75 71 -5 -4 
l 183 -44 -21 38 -66 -8 8 -9 29 -4 -8 
l 26 -61 23 47 -14 -49 16 51 31 18 28 
l 468 22 -6 73 65 73 78 48 -7 45 76 
l 351 0 4 -4 34 -66 -67 -79 49 -58 -27 
l 310 3 54 -64 70 9 0 -67 -17 -54 56 
l 397 -56 -68 -60 -67 -53 -58 47 -48 18 12 
l 473 19 71 -43 46 -67 -25 -16 47 32 -65 
l 298 -24 76 26 -19 26 -59 -46 -8 -62 -46 
l 100 -2 31 -79 43 -40 34 -21 -26 -37 -39 
l 429 -59 13 -45 63 -79 55 15 1 34 27 
l 283 7 -78 -74 70 -13 9 22 -68 56 25 
l 278 -10 -35 -36 59 8 -31 -55 -18 -24 67 
l 129 -26 53 79 19 -50 -53 8 66 63 4 
l 327 33 -8 -47 -15 39 5 -7 45 66 -50 
l 184 -41 11 12 -16 -10 73 -32 -44 -76 6 
l 265 7 18 -18 -4 -19 2 -65 6 23 6 
l 49 17 -16 -67 31 -52 -40 -40 -15 45 -40 
l 77 -57 -30 26 36 -21 -65 4 -73 29 -78 
l 155 -52 5 58 72 -11 48 79 9 -39 6 
l 37 49 26 -45 -14 63 15 -73 -2 53 49 
l 38 -42 43 -43 4 -41 -61 69 4 13 -32 
l 235 -22 65 -52 21 44 42 -55 20 -65 63 
l 299 64 -61 -78 -24 -23 19 -52 -12 1 -33 
l 150 -80 -20 -74 6 -77 -11 -25 -39 -5 -44 
l 207 52 6 39 74 -74 -8 -25 -53 33 -7 
l 152 -34 -62 22 38 -1 39 56 -59 27 7 
